100
196 
128 177 
144 56 91 
105 141 120 195 
92 11 109 97 50 
20 95 189 125 120 25 
181 82 90 187 19 16 51 
187 177 77 100 38 2 61 15 
42 88 125 172 16 106 8 59 8 
200 112 112 36 136 190 175 50 111 76 
71 175 118 13 25 143 38 12 10 138 149 
157 127 124 137 10 88 23 107 13 183 171 145 
69 143 138 19 137 194 141 9 167 94 78 106 167 
22 80 188 170 128 179 167 31 35 52 135 78 58 86 
78 59 163 143 110 154 44 38 102 52 121 171 27 156 186 
97 10 137 15 53 104 84 54 36 192 65 154 82 97 191 22 
110 168 179 126 18 28 11 120 15 193 145 2 91 175 18 27 82 
17 58 96 137 73 84 14 29 56 102 14 187 59 21 138 115 50 22 
59 63 200 22 175 43 63 69 171 89 84 149 12 179 180 46 122 149 1 
119 148 173 46 37 46 22 57 187 49 164 79 99 40 71 178 12 70 103 6 
141 56 150 169 54 99 83 113 194 32 178 43 117 184 97 97 29 87 135 16 47 
52 176 71 89 197 59 73 146 77 58 170 59 164 170 100 115 190 169 155 151 63 40 
62 58 90 48 22 101 197 55 11 143 23 63 109 65 86 159 94 108 9 78 141 86 139 
148 122 153 154 84 90 135 10 0 109 42 99 175 130 110 125 94 128 164 49 21 89 34 193 
51 141 67 3 54 129 187 109 56 86 177 155 167 126 43 6 17 192 200 37 188 73 167 45 157 
127 86 101 70 155 56 46 6 184 97 53 173 105 26 105 97 107 143 174 153 17 59 27 42 146 11 
120 143 143 180 53 7 92 36 87 85 7 2 110 54 26 150 4 4 102 73 161 72 92 10 7 54 29 
154 141 32 89 180 85 148 41 46 133 77 171 6 164 116 197 136 91 62 117 35 188 26 84 66 108 85 105 
187 150 58 128 127 102 2 101 39 85 1 138 99 60 3 158 129 151 168 172 167 58 191 15 53 105 96 72 176 
36 111 131 107 123 106 31 143 161 131 72 83 32 50 27 57 96 63 75 72 152 68 15 27 82 95 165 104 44 160 
121 196 54 170 137 89 24 153 77 135 169 45 11 154 200 113 72 200 22 152 192 23 132 129 21 200 69 124 92 25 73 
155 142 69 26 174 116 76 182 67 130 115 107 143 82 4 78 61 112 133 91 119 86 89 11 73 181 178 97 112 50 70 14 
103 182 124 42 178 26 9 155 199 96 36 139 95 137 60 199 53 90 147 113 29 136 42 64 47 27 132 164 134 190 30 162 122 
157 1 81 91 26 169 45 62 54 87 56 44 76 158 197 26 2 142 44 143 42 198 134 96 16 132 174 66 191 124 106 39 164 197 
19 108 21 162 91 83 24 106 168 199 86 141 126 53 90 36 71 79 13 54 92 90 126 13 15 28 96 130 149 89 131 14 124 7 183 
151 63 180 29 95 114 99 47 30 85 196 49 146 18 156 24 145 140 157 167 81 68 150 127 174 34 129 29 87 24 38 82 23 86 175 155 
9 12 178 28 96 93 54 175 96 166 120 21 158 71 158 56 152 81 164 140 125 174 104 63 33 54 186 69 160 9 146 147 196 40 1 179 21 
77 150 3 194 79 165 137 10 156 125 185 178 128 161 143 174 105 33 92 145 72 58 195 156 17 158 87 139 128 55 45 22 150 86 185 163 4 136 
156 46 53 197 17 55 46 3 47 62 133 90 151 147 125 192 160 126 96 91 139 69 187 168 199 121 130 5 96 33 98 43 57 8 71 24 40 73 52 
15 86 131 183 151 173 108 166 50 96 95 50 89 113 64 0 74 116 171 29 34 59 60 172 47 155 156 119 142 91 62 93 14 35 164 179 106 126 87 80 
89 112 82 153 174 111 142 31 91 190 82 188 75 104 133 111 130 112 92 171 81 163 192 30 196 12 162 57 177 41 158 71 178 124 117 75 196 68 162 126 25 
75 42 58 34 130 190 73 119 11 65 102 98 112 52 22 70 126 13 175 121 35 93 61 13 32 11 79 153 30 173 172 54 188 103 188 174 109 182 78 92 114 96 
41 9 79 120 24 63 37 50 88 197 74 63 103 75 62 122 142 88 36 14 189 96 4 142 112 51 127 39 102 146 52 149 190 150 64 108 21 151 181 46 65 115 64 
112 18 144 131 195 76 52 197 83 110 143 79 37 199 81 101 110 172 110 20 23 136 118 166 129 3 43 128 65 80 96 131 200 148 147 55 78 64 185 110 118 33 13 145 
116 107 69 101 133 142 139 155 136 192 133 26 7 160 41 197 93 14 165 107 6 61 119 17 71 93 9 20 183 181 70 2 3 82 174 31 111 94 157 181 56 161 32 86 109 
13 181 185 68 43 58 198 131 20 123 109 43 118 182 173 92 71 102 89 142 80 179 173 11 5 187 33 34 67 67 89 2 121 91 167 165 79 193 98 82 140 153 109 144 26 95 
167 40 101 105 47 90 13 186 129 177 32 141 63 135 12 120 188 101 18 51 10 122 135 115 86 56 29 37 7 105 185 1 190 33 155 125 12 127 16 135 119 89 5 45 67 146 156 
47 64 102 29 97 66 115 4 0 84 39 127 135 96 162 51 17 178 109 171 87 31 141 127 181 141 24 178 64 84 186 77 173 28 156 161 162 100 118 163 178 169 60 173 18 0 116 115 
99 93 66 16 59 95 174 108 128 188 158 194 129 176 119 85 185 115 12 79 41 158 54 52 11 31 11 19 150 35 197 60 51 130 197 185 32 80 48 107 93 163 140 43 9 5 61 174 173 
60 172 198 128 110 183 105 104 111 156 22 68 160 106 28 92 100 145 193 166 31 196 190 107 160 186 196 192 35 68 198 177 123 143 126 131 134 144 116 18 94 134 170 5 134 153 156 86 83 62 
150 167 0 198 152 169 29 121 170 13 82 118 33 195 180 199 30 48 162 29 163 48 161 111 146 153 74 82 106 83 173 29 30 143 62 154 87 172 108 85 100 48 129 139 91 197 43 121 185 183 176 
114 75 161 141 73 5 135 115 1 12 92 23 27 179 100 17 150 196 63 164 82 84 86 129 60 144 13 80 102 198 144 101 142 188 61 41 75 41 138 170 0 91 121 106 52 64 75 79 35 14 150 57 
57 27 152 66 33 38 118 1 84 132 17 153 82 158 30 11 111 171 26 36 188 191 136 96 172 4 157 160 2 156 103 136 3 199 7 160 180 93 179 176 127 89 84 148 50 67 185 136 84 10 70 63 134 
170 84 72 33 35 3 20 144 140 82 49 200 121 94 132 171 159 118 2 157 47 117 121 163 21 24 138 99 171 143 13 46 187 46 8 112 64 85 168 102 180 15 156 25 52 182 22 164 100 62 42 164 138 109 
69 22 37 77 191 146 171 80 27 116 34 196 152 128 85 36 24 11 159 168 110 39 23 144 194 77 120 122 35 192 195 46 162 111 192 152 1 167 119 56 51 165 105 92 143 10 20 173 131 154 177 171 168 82 22 
140 196 5 162 139 100 105 197 31 54 176 60 61 164 189 35 100 189 21 56 151 129 54 193 3 181 89 120 154 7 190 125 8 122 162 137 43 142 188 132 32 153 54 158 150 159 105 81 88 108 138 193 45 179 127 30 
0 135 6 146 109 183 162 130 185 10 30 174 77 59 1 174 31 1 43 198 194 4 5 138 138 83 74 192 126 140 167 191 9 120 155 198 184 74 46 164 192 11 140 67 172 191 139 73 36 152 145 142 53 126 98 183 180 
16 179 57 145 72 160 144 162 2 192 139 57 59 173 31 165 5 54 114 11 164 123 101 144 90 196 17 46 107 191 161 82 15 30 138 164 145 107 92 45 117 117 138 13 115 164 163 28 30 88 158 106 167 50 52 13 73 116 
169 18 155 156 135 172 193 21 157 25 185 71 188 186 164 58 165 43 164 75 106 100 152 49 87 198 94 128 49 87 112 52 157 138 137 108 18 172 179 37 122 74 30 106 172 33 173 69 53 84 177 75 195 116 186 67 29 66 174 
29 61 117 101 139 102 17 90 17 31 19 132 128 54 74 182 198 40 9 14 132 57 95 173 193 90 75 156 77 127 2 62 31 123 24 36 148 194 181 164 159 140 130 173 74 150 14 153 74 99 8 41 193 26 164 67 157 181 122 65 
42 86 189 115 179 4 137 111 68 15 33 14 135 134 69 84 118 54 97 189 198 182 154 146 138 149 28 83 170 139 187 34 129 135 116 76 79 123 162 48 115 163 19 12 6 132 76 155 11 88 19 152 28 44 11 37 63 124 145 26 133 
143 1 128 20 96 46 82 177 94 163 68 163 101 95 200 63 199 51 131 133 130 83 157 141 187 19 15 137 38 104 123 62 124 25 52 1 195 101 199 172 79 116 118 146 196 97 163 158 165 114 51 2 99 70 154 179 109 54 198 135 193 48 
143 132 191 48 1 113 131 35 124 83 61 68 163 199 150 160 35 160 107 95 168 2 50 169 90 136 101 145 106 74 165 97 1 24 13 161 138 4 161 121 128 134 35 161 148 193 91 35 0 104 77 195 108 78 108 200 8 132 175 92 7 102 196 
51 86 155 100 74 194 192 57 32 7 195 55 149 157 33 142 139 78 0 174 189 173 10 150 36 116 39 1 126 96 149 169 69 1 77 156 59 18 9 92 44 111 41 189 78 116 39 136 95 192 57 40 126 10 35 161 196 197 183 77 152 143 8 159 
118 87 41 38 195 8 161 107 10 77 87 119 109 73 130 26 150 175 173 174 76 158 40 149 118 59 52 187 122 175 165 14 130 189 0 187 168 86 173 53 193 196 110 8 184 24 92 152 133 170 195 5 191 23 112 33 32 188 86 14 11 104 107 144 57 
11 103 103 182 106 73 104 138 124 85 99 199 185 106 182 94 75 83 67 19 51 50 72 188 79 77 139 6 63 61 95 94 158 162 119 75 79 145 45 133 114 74 154 158 112 89 68 118 38 22 93 169 180 51 25 149 199 122 127 0 43 10 131 49 124 66 
167 169 150 89 82 198 34 24 47 146 53 176 190 167 76 197 121 176 44 164 115 90 192 59 30 140 32 190 159 64 47 87 80 188 197 70 25 128 85 36 104 88 126 50 53 84 60 5 41 27 190 195 30 100 177 20 8 125 43 158 199 145 126 11 154 146 192 
63 168 180 17 96 185 160 9 119 15 18 86 113 115 47 170 5 146 160 83 13 50 67 55 189 140 184 5 177 37 26 12 104 151 142 99 90 52 74 110 188 100 168 108 56 148 62 45 66 69 94 108 134 71 165 168 35 78 196 64 50 186 139 36 142 158 181 89 
37 35 40 157 139 91 130 48 31 103 133 135 44 143 21 66 183 83 131 133 177 194 40 170 34 140 80 200 47 138 167 192 149 36 25 138 19 200 136 96 166 88 173 21 57 23 129 6 114 54 71 62 135 43 103 137 61 30 19 142 157 37 174 88 172 104 18 93 7 
111 38 94 168 40 128 31 50 185 130 20 192 107 8 49 65 142 72 54 3 32 23 67 33 41 84 161 146 153 127 115 84 66 189 77 66 87 60 111 56 162 187 43 60 123 187 131 76 147 80 162 21 184 10 149 153 72 186 181 127 145 54 165 88 154 103 90 74 45 172 
38 143 189 162 113 189 93 117 12 98 0 21 85 160 104 174 178 7 176 83 158 113 81 14 72 63 51 53 170 44 170 65 87 146 96 112 194 157 78 162 7 144 163 110 134 26 190 176 167 97 66 121 102 175 128 162 34 67 167 93 71 63 165 160 89 42 199 99 44 2 36 
136 42 160 74 90 17 141 139 13 104 113 154 150 53 40 165 164 167 180 133 191 148 128 21 183 36 186 152 189 173 97 9 164 59 105 166 97 46 71 83 113 164 131 162 18 42 132 182 23 70 105 176 25 61 29 60 24 137 164 112 142 146 118 36 166 28 110 170 45 3 14 91 
172 55 96 73 125 5 185 63 41 173 163 188 199 20 65 136 160 91 154 150 61 16 44 68 124 125 55 120 175 33 1 5 110 180 37 99 155 197 139 77 48 106 3 35 184 110 175 191 122 117 59 51 198 192 35 141 24 184 127 136 155 144 93 100 124 116 120 83 134 29 49 79 120 
130 135 186 163 25 40 78 8 18 24 52 192 49 104 199 15 200 36 178 191 54 147 109 109 164 40 137 110 104 139 160 182 141 21 10 136 190 93 18 49 53 91 130 88 112 84 52 10 86 181 83 84 32 48 130 57 130 70 121 35 135 87 181 142 38 96 129 154 27 175 142 110 90 139 
155 172 78 44 116 187 19 59 46 150 138 167 32 94 10 181 151 110 181 132 95 20 87 119 117 107 141 8 162 71 122 54 99 46 55 54 45 24 92 135 7 32 112 80 149 192 121 35 112 99 38 77 23 58 172 54 179 121 76 163 102 63 136 20 161 148 161 196 174 183 152 70 89 51 16 
150 89 141 171 14 59 80 149 85 84 113 53 158 175 200 95 195 6 108 95 34 3 43 178 125 156 27 15 107 193 138 124 200 51 58 97 92 6 100 132 103 7 1 29 2 140 97 152 58 68 15 147 47 160 73 182 101 79 189 47 90 92 167 26 187 161 71 172 148 53 36 126 83 191 105 118 
163 52 17 116 162 41 20 186 197 165 6 148 35 29 199 179 121 85 179 112 134 185 10 85 106 45 19 72 132 15 16 174 89 133 99 9 180 151 180 127 110 29 149 158 24 129 63 149 190 72 125 50 101 125 175 128 49 6 101 196 38 198 33 19 32 181 175 194 144 157 2 98 78 104 73 199 146 
12 92 41 144 154 59 65 180 60 98 115 166 82 165 122 161 165 53 36 94 110 30 181 122 68 114 79 40 73 108 191 55 67 176 89 95 175 156 44 4 166 136 152 156 64 49 129 193 6 35 110 146 78 165 55 18 65 111 149 133 183 115 81 89 176 197 188 83 97 142 94 55 108 99 198 184 57 147 
192 31 48 43 94 167 193 161 1 193 185 115 97 19 106 174 114 81 148 80 110 183 36 23 169 171 100 109 58 97 118 11 127 57 163 59 182 48 177 115 65 41 63 27 163 9 119 135 187 103 47 120 62 142 86 156 72 139 15 88 90 140 178 15 133 90 183 155 142 5 185 4 56 68 190 20 186 103 157 
99 24 17 191 94 91 150 65 195 23 20 151 162 130 33 67 129 171 159 77 24 129 62 55 110 0 111 40 117 95 160 59 38 102 107 176 93 130 64 122 180 192 80 143 11 129 148 26 46 163 146 35 103 120 197 137 59 56 54 71 183 161 198 76 69 199 27 20 92 100 63 192 60 47 191 131 91 148 78 190 
123 176 131 0 175 121 15 78 113 8 200 98 83 72 181 157 20 145 18 178 148 162 159 9 63 66 132 9 180 31 101 140 97 37 4 152 37 176 103 82 127 127 84 8 99 131 196 170 82 78 130 181 197 133 130 121 128 168 161 135 103 96 59 21 146 171 177 176 55 98 103 104 166 147 30 33 91 163 105 110 107 
73 110 101 146 1 102 182 157 19 71 133 52 41 121 131 33 96 182 104 146 7 193 97 107 186 42 32 84 98 82 24 96 168 75 50 56 98 34 120 13 70 125 46 155 101 74 15 56 18 131 107 88 133 144 78 115 12 98 134 161 7 101 159 41 122 174 188 110 60 193 31 170 4 189 178 104 192 121 79 80 43 34 
176 141 51 76 165 70 109 115 105 2 100 46 86 122 45 167 66 186 126 7 198 35 186 158 71 62 53 153 21 179 86 47 30 89 145 101 14 176 22 169 189 17 154 57 179 139 110 12 12 37 113 4 1 60 83 110 42 83 58 193 200 151 64 116 116 157 20 133 41 13 61 22 179 148 134 62 125 38 191 87 7 84 95 
178 6 43 159 12 16 86 162 113 14 4 131 20 188 164 79 32 192 32 27 115 50 136 186 28 58 192 186 49 23 189 44 40 43 176 50 46 181 109 24 32 8 137 65 108 138 26 46 48 105 25 200 17 167 91 48 96 158 78 157 95 158 195 111 173 122 65 139 24 160 5 32 169 36 69 71 176 186 120 106 49 41 23 87 
153 11 111 4 194 74 181 194 50 44 179 113 40 179 39 174 174 87 106 154 127 166 10 44 170 120 51 91 191 92 37 36 159 43 90 1 58 116 18 47 100 24 117 104 178 112 164 132 139 31 168 16 15 147 2 169 126 89 135 105 89 5 51 61 25 118 94 165 51 18 154 48 36 88 37 119 62 29 158 92 107 115 192 136 116 
100 199 128 41 29 112 36 23 13 195 2 120 99 141 57 23 181 36 77 113 41 192 44 103 119 146 116 30 15 47 163 16 81 48 198 62 140 11 64 95 106 140 172 53 142 136 33 141 90 5 110 33 171 49 169 23 131 138 49 7 137 128 180 7 46 164 10 112 45 168 29 26 156 20 111 193 168 71 34 108 1 107 92 63 17 79 
157 106 156 55 135 162 11 51 19 182 2 135 141 109 137 163 144 177 150 41 185 129 50 111 121 141 19 126 119 169 129 197 30 191 178 185 162 26 149 168 23 53 119 35 17 104 187 167 92 109 139 52 177 107 56 91 96 166 195 10 183 6 125 164 36 23 150 35 151 136 35 78 121 94 4 195 9 59 105 131 189 160 48 199 59 113 70 
1 126 129 106 83 117 193 135 50 46 105 189 99 101 172 17 35 176 174 47 67 21 28 185 171 189 31 162 141 174 58 181 61 67 65 198 22 17 37 181 80 141 88 179 178 113 73 119 63 169 56 102 68 16 75 138 81 159 131 192 11 160 124 28 186 192 22 20 19 50 183 2 158 174 63 151 134 193 123 16 194 155 34 128 110 17 172 149 
54 161 34 107 181 145 26 38 137 31 15 134 181 31 50 127 130 149 88 55 172 168 44 181 103 153 47 77 103 175 156 178 197 137 108 112 138 163 25 16 155 78 100 98 52 159 190 41 31 43 196 79 21 65 45 191 62 9 162 61 52 93 89 129 85 124 42 93 70 157 58 32 50 147 161 66 153 65 56 105 108 107 33 40 153 79 162 71 73 
137 170 66 125 123 64 28 19 140 161 95 15 102 177 148 27 118 150 43 60 176 71 11 105 175 178 156 34 181 144 200 180 112 103 19 87 88 70 74 109 189 73 162 156 79 16 50 77 66 159 64 126 32 41 71 114 164 185 16 96 56 71 192 150 61 140 141 36 135 158 107 140 112 14 71 116 61 46 11 119 159 156 193 196 194 146 16 60 70 83 
38 120 31 65 136 200 12 38 96 49 133 97 158 127 83 197 67 184 11 17 109 194 10 7 145 100 161 42 177 163 130 43 144 137 118 104 109 104 41 20 87 63 148 132 33 156 179 48 4 144 71 123 47 191 38 181 109 135 175 67 72 145 199 36 16 98 95 140 63 85 134 165 166 75 87 117 62 64 77 91 117 116 116 2 65 66 121 176 66 197 116 
138 93 71 116 158 88 183 9 88 44 190 126 75 167 27 39 115 53 51 143 18 48 66 186 128 37 123 125 20 10 160 47 136 117 83 180 157 133 107 85 184 36 175 52 45 80 10 111 12 97 139 194 32 117 129 26 128 21 110 57 35 137 45 109 50 1 73 17 58 164 81 11 169 49 120 198 143 31 58 106 13 129 23 88 182 161 175 96 167 125 132 183 
191 74 167 156 134 145 70 104 97 177 76 196 45 150 117 134 81 176 116 198 171 20 40 49 23 124 145 68 67 183 113 2 133 101 30 168 152 25 151 38 4 72 189 159 164 111 180 41 60 21 10 101 120 12 115 79 166 176 52 82 34 137 170 181 55 186 141 112 174 110 38 109 164 101 22 99 120 120 127 185 155 157 165 176 189 87 45 151 16 117 130 33 136 
36 13 38 177 84 100 155 70 5 167 170 137 72 198 3 73 107 79 148 64 176 129 168 182 3 65 181 8 50 124 29 45 78 105 119 195 76 76 200 69 174 168 119 127 194 27 78 25 81 189 77 123 193 129 16 53 76 77 176 87 32 30 112 105 45 119 77 111 159 194 46 131 145 179 127 104 59 12 15 55 163 118 74 144 193 11 19 76 19 98 2 68 90 16 
7 148 3 129 89 83 111 161 151 58 59 101 64 111 43 84 148 5 197 175 12 163 66 183 177 149 157 5 59 109 198 132 44 36 95 178 196 178 193 146 196 118 131 118 117 183 182 28 159 11 111 177 53 32 159 129 113 17 183 88 183 35 166 73 28 144 2 153 56 88 55 180 125 86 177 59 169 65 39 11 1 111 67 133 77 57 28 199 178 175 139 168 188 20 79 
33 138 5 87 29 91 7 144 66 141 140 77 144 189 103 143 128 40 134 84 66 24 70 52 200 65 168 46 8 107 82 15 133 105 35 82 66 90 88 21 5 47 48 73 92 45 75 45 102 109 130 37 76 59 35 130 33 143 159 7 161 103 129 69 179 18 151 188 153 48 104 66 119 132 11 90 128 85 41 30 5 132 53 17 75 181 4 62 86 46 165 11 41 190 78 108 
189 99 42 139 167 2 74 90 164 112 159 22 112 54 158 72 134 138 88 146 65 100 49 99 39 130 33 81 55 15 179 156 80 32 52 85 153 142 51 5 29 138 151 77 67 14 138 116 166 50 113 87 99 155 89 199 34 178 106 143 87 152 106 111 184 160 67 17 54 121 34 127 187 145 191 190 140 60 140 81 137 103 46 4 44 85 27 7 1 8 9 164 118 142 94 117 151 
174 79 36 70 110 73 4 157 141 77 13 2 17 75 183 190 21 43 141 89 53 71 119 73 106 176 161 176 142 177 12 124 89 91 68 137 176 172 121 70 74 52 168 68 189 31 84 61 32 114 166 86 85 156 194 46 153 40 113 153 80 77 103 12 175 104 199 112 27 129 145 91 19 39 107 191 140 107 24 96 153 5 51 22 174 55 109 123 4 199 194 7 14 14 135 167 66 90 
31 26 180 10 69 101 83 77 37 6 126 56 55 69 138 193 117 32 197 112 189 19 89 85 46 98 46 150 87 22 150 87 73 94 25 194 14 195 143 189 168 197 108 31 73 24 7 37 19 61 155 139 99 78 171 169 6 107 68 168 76 116 27 62 132 18 197 18 42 34 63 30 32 20 80 67 196 187 151 27 27 118 185 85 122 129 3 14 72 95 43 11 169 62 181 33 32 130 162 