32
134 
184 13 
80 159 66 
49 19 51 149 
129 84 183 88 107 
37 131 141 172 170 21 
83 176 60 176 154 174 143 
90 76 3 118 105 122 35 161 
47 140 98 127 16 152 79 164 53 
16 48 122 59 13 139 112 49 174 51 
29 75 113 16 47 151 153 165 188 146 29 
140 28 87 165 134 4 118 70 160 127 151 120 
76 3 150 13 33 181 82 200 57 55 19 18 33 
80 131 52 0 73 84 68 94 155 182 112 132 115 188 
143 117 106 199 196 122 76 103 63 34 160 105 130 89 21 
120 156 106 115 65 158 71 25 19 1 34 80 170 67 18 164 
145 187 159 138 92 101 21 101 138 101 118 159 38 92 17 17 114 
11 164 0 200 83 200 141 143 87 153 138 172 179 10 49 163 70 99 
130 67 175 106 151 158 187 177 143 144 144 181 168 157 133 43 29 165 1 
22 74 188 169 63 156 129 137 8 69 65 30 92 9 156 96 79 153 16 108 
174 84 157 200 25 8 114 2 121 89 180 118 116 150 160 57 199 115 78 92 85 
124 41 36 58 192 73 99 149 102 141 192 158 15 118 173 92 29 196 5 196 107 192 
106 147 7 158 70 143 64 112 151 105 117 31 75 100 9 107 143 149 166 111 113 10 24 
141 63 25 157 51 146 154 68 72 132 154 50 88 151 10 85 195 149 166 139 127 73 26 30 
35 159 90 181 88 29 163 144 20 176 108 74 109 42 56 85 120 169 12 146 7 99 179 9 125 
20 29 178 135 120 78 76 81 142 31 154 0 179 10 182 0 77 93 89 27 140 193 162 122 159 26 
135 111 19 192 128 45 49 69 103 99 157 25 81 49 68 179 144 53 123 102 81 26 150 78 42 77 44 
158 49 133 60 52 70 44 177 179 84 85 13 187 36 135 192 184 73 118 25 56 16 163 83 109 4 118 79 
189 123 62 147 51 99 177 28 69 61 95 76 103 180 167 26 63 84 116 43 127 2 37 146 0 24 74 30 162 
182 4 149 94 32 186 193 125 142 188 29 195 171 137 107 66 151 101 82 126 22 3 157 196 117 146 49 118 37 58 
149 187 131 58 175 173 29 167 85 10 15 167 178 18 153 78 144 154 7 62 132 183 161 44 93 157 186 144 127 115 87 