19
175 
32 178 
195 178 84 
64 72 7 191 
196 142 142 54 67 
34 108 193 158 143 173 
137 73 121 65 16 175 193 
176 50 189 91 33 186 77 162 
13 26 57 62 101 175 55 89 35 
42 95 59 46 171 176 1 122 155 87 
51 135 30 29 30 198 151 152 37 137 51 
72 56 93 72 9 69 144 51 36 199 16 159 
1 150 70 29 142 66 59 23 70 96 8 13 79 
75 56 101 162 106 116 181 123 176 132 92 156 189 4 
172 41 181 7 48 4 122 41 66 116 158 27 146 31 82 
154 152 59 113 150 144 123 93 163 66 102 4 193 30 125 38 
55 85 68 173 44 130 73 197 102 95 125 27 112 85 148 74 66 
168 23 133 186 50 67 192 0 36 155 100 104 97 109 9 119 88 90 