64
162 
107 100 
178 163 155 
149 105 123 43 
82 8 196 118 167 
177 37 73 100 120 76 
78 56 14 189 165 161 130 
33 133 149 62 88 85 1 132 
63 82 23 30 129 181 149 42 132 
20 28 20 56 111 15 20 166 109 137 
168 160 13 191 124 21 11 74 91 45 0 
105 54 158 155 71 16 40 116 23 104 95 38 
23 159 124 184 14 9 134 187 160 95 50 20 167 
151 168 40 111 16 76 135 1 56 29 139 89 94 91 
88 37 152 161 4 70 93 195 119 34 72 30 79 127 77 
91 105 86 21 91 80 53 2 103 185 163 179 13 77 30 125 
200 8 67 101 177 127 71 151 83 96 56 139 109 195 105 65 75 
181 7 170 101 115 105 73 59 174 37 39 107 59 141 135 1 2 108 
85 3 45 46 161 158 128 189 51 12 0 104 75 10 5 186 145 153 36 
186 175 92 22 19 15 170 108 56 140 133 161 195 48 12 164 180 116 200 108 
35 174 14 104 70 87 61 22 99 131 83 194 36 176 47 156 1 13 127 148 143 
86 193 162 42 166 20 51 66 100 65 155 71 130 98 139 35 134 90 159 181 175 65 
71 137 24 47 129 10 179 69 19 59 163 48 181 172 147 37 21 17 41 67 25 49 94 
24 34 199 35 116 168 104 21 94 153 20 104 166 112 101 13 45 26 54 4 39 30 16 157 
76 75 84 171 59 38 55 16 56 6 146 104 144 60 164 72 92 37 29 28 169 33 168 16 43 
49 116 25 139 112 182 8 105 182 139 183 164 121 82 6 177 155 86 59 118 34 59 45 178 75 25 
33 137 183 101 139 101 137 0 193 53 1 122 197 164 15 43 159 114 48 124 136 5 114 171 55 9 93 
173 185 168 20 196 103 11 101 2 200 59 27 152 159 182 94 20 171 111 35 26 83 60 157 185 69 18 133 
85 90 30 37 78 27 170 21 91 49 78 192 88 77 172 135 43 70 15 136 190 98 93 124 20 108 151 160 78 
197 197 138 62 39 137 74 42 195 20 40 92 34 13 15 197 197 73 152 49 101 115 168 155 47 81 171 49 68 72 
85 195 127 155 21 2 129 112 17 58 144 68 26 124 170 2 1 116 52 40 157 161 97 50 15 134 135 116 71 22 49 
136 73 160 26 185 178 140 176 106 143 5 70 191 185 181 156 174 8 84 40 7 118 141 141 129 165 177 41 128 8 164 108 
65 107 69 182 116 179 40 123 181 148 185 97 191 6 175 154 155 18 15 117 1 116 165 106 194 139 137 103 195 189 107 156 149 
86 69 13 152 176 78 118 32 17 171 53 200 60 90 112 191 123 40 0 131 162 19 105 112 40 148 74 47 125 42 162 18 20 181 
15 161 99 19 140 36 198 142 12 194 91 93 64 185 86 11 11 92 91 144 185 33 23 158 15 141 45 14 0 11 36 25 125 45 121 
15 118 159 194 19 106 37 185 112 43 196 102 165 23 119 84 38 0 118 93 179 74 119 163 194 156 87 49 146 30 133 4 41 132 185 53 
194 159 14 136 17 1 122 139 74 194 91 55 195 94 196 137 166 167 153 91 148 95 91 7 94 172 194 97 144 107 31 30 20 64 107 100 93 
14 138 154 152 138 196 87 84 0 81 85 164 23 191 190 129 31 145 21 25 145 170 95 169 2 20 100 148 63 115 148 23 19 94 2 138 128 193 
37 65 182 90 99 144 7 4 103 89 125 73 164 149 132 95 1 56 5 49 34 178 182 90 93 191 116 42 151 19 65 146 11 25 168 113 179 77 168 
137 27 101 30 164 115 79 85 152 34 106 53 66 55 192 127 106 41 13 171 92 197 131 107 98 121 30 131 26 33 47 161 9 194 41 66 23 159 112 115 
14 184 162 23 194 46 140 9 165 151 65 8 94 147 74 22 40 43 82 99 68 34 148 175 99 19 70 35 23 181 155 43 160 175 73 176 192 26 70 82 109 
87 94 49 65 32 44 64 144 12 103 2 77 138 148 125 86 59 128 71 100 71 169 192 175 106 96 52 150 35 112 44 198 46 180 127 41 156 78 87 97 50 14 
95 46 20 43 178 115 199 42 156 116 98 150 187 19 43 101 163 142 162 67 3 25 199 186 161 9 87 138 28 65 4 64 195 4 146 139 155 98 27 26 142 112 38 
24 18 20 144 43 42 172 124 144 105 1 72 54 76 199 188 167 142 14 47 187 46 18 2 44 96 41 99 110 96 146 78 110 28 152 124 172 116 125 6 116 106 184 94 
158 32 154 13 161 179 166 177 165 112 15 81 63 77 169 64 132 78 67 83 27 131 93 97 145 1 110 188 9 23 130 9 9 136 184 0 144 92 10 154 80 79 28 172 60 
164 117 41 166 9 65 93 92 10 76 49 92 168 60 21 112 83 152 68 85 6 118 87 47 18 51 87 77 188 186 126 14 178 18 37 160 26 155 86 178 175 194 168 46 97 181 
18 83 102 41 63 82 50 192 176 95 106 3 158 108 104 157 26 50 95 50 38 142 36 178 104 99 155 43 124 3 167 37 114 69 115 92 192 176 93 65 40 11 51 54 20 162 114 
98 75 46 61 44 187 157 196 125 51 195 26 54 160 34 139 107 124 13 6 139 100 77 86 26 46 87 101 83 96 30 139 77 13 86 158 26 27 91 121 25 108 115 115 55 112 159 112 
113 164 98 1 184 179 84 32 59 172 190 196 161 110 150 145 122 154 44 17 184 91 10 44 198 58 149 180 26 141 4 113 53 121 176 55 42 32 4 155 17 126 158 189 14 75 87 182 23 
134 54 9 4 198 169 71 74 27 181 99 109 169 114 45 171 143 109 130 51 118 198 149 134 11 159 182 100 168 77 51 104 138 143 45 25 20 146 9 106 84 61 37 162 149 107 189 175 197 30 
140 79 122 13 182 113 101 182 185 19 19 168 50 87 161 125 174 38 23 8 54 25 51 80 81 9 191 66 193 44 85 85 97 171 182 168 131 24 152 110 74 142 115 143 83 63 77 15 111 153 151 
10 193 76 11 79 76 93 199 95 108 17 143 23 171 184 67 156 24 178 109 66 96 178 111 189 190 89 36 68 41 155 97 105 91 46 15 54 89 86 177 51 104 15 170 138 37 127 138 118 29 68 163 
129 60 165 50 52 37 49 169 195 26 145 197 27 40 113 91 29 52 93 26 49 151 105 56 160 95 116 128 47 87 187 116 137 9 190 37 59 75 164 147 106 167 100 148 25 48 180 155 29 53 25 156 19 
6 57 100 118 2 47 157 118 70 134 25 182 166 167 173 128 51 4 20 11 183 65 22 153 176 103 3 146 46 67 26 166 92 47 139 81 160 97 72 68 67 175 68 46 46 131 155 127 119 104 92 18 81 53 
142 113 93 130 63 172 111 197 5 194 20 133 47 172 141 101 67 107 123 168 17 183 104 12 72 13 37 52 161 140 90 158 113 48 6 174 139 164 12 200 99 161 6 140 197 196 45 200 36 44 119 175 30 6 176 
77 155 63 98 149 79 191 86 152 197 66 2 86 8 139 91 126 21 138 79 121 194 76 35 79 147 28 26 181 109 107 4 122 192 162 45 20 189 121 95 171 75 109 110 153 199 135 197 38 90 154 49 145 98 114 14 
200 135 197 198 161 164 187 152 175 69 3 138 33 54 23 52 60 42 41 108 136 33 198 73 95 44 110 171 29 3 49 163 46 3 142 77 106 163 108 65 139 84 33 73 181 73 42 95 162 5 194 65 76 153 20 93 114 
11 7 29 15 42 88 94 164 92 12 25 33 136 149 148 11 1 56 103 125 122 56 198 77 45 119 57 19 10 72 51 150 145 188 190 36 27 157 152 27 177 166 87 107 125 70 75 115 121 173 113 155 154 38 173 73 102 69 
1 126 42 5 103 24 108 68 104 88 44 122 42 198 95 70 73 6 149 113 27 67 182 184 41 124 41 196 180 182 15 117 137 132 18 41 174 60 73 154 76 46 178 127 54 43 18 95 38 19 0 67 170 92 19 140 117 195 189 
150 179 180 29 122 150 159 196 162 25 48 111 135 173 40 181 194 184 128 4 0 17 155 139 78 140 188 169 157 168 42 84 126 77 143 19 27 116 163 128 105 43 74 123 14 144 36 122 109 48 47 181 54 159 21 47 10 129 16 184 
11 74 127 91 172 29 94 175 98 102 183 87 163 41 96 26 76 96 31 34 197 171 183 33 172 69 76 18 70 27 54 100 153 126 93 78 141 38 103 117 114 106 130 43 10 24 34 175 147 37 106 134 34 139 9 88 101 14 101 179 169 
132 26 49 73 134 172 174 162 73 46 124 42 133 117 198 109 42 43 48 10 139 163 195 56 4 31 60 151 122 121 176 124 137 70 188 107 89 85 6 130 54 88 133 108 49 18 154 71 52 109 130 37 152 11 123 31 6 43 123 118 3 195 
109 123 193 57 187 27 186 130 22 194 28 85 38 83 55 89 105 154 67 49 176 42 145 162 75 113 164 185 15 33 158 181 199 197 176 166 9 130 7 43 123 173 21 152 188 169 72 48 194 17 75 160 71 37 140 66 135 130 104 114 4 103 180 