128
55 
101 39 
59 97 164 
50 66 175 22 
5 19 102 13 146 
54 5 62 153 129 109 
31 150 107 41 120 160 70 
110 53 117 82 48 109 137 79 
59 158 182 83 198 39 84 113 4 
8 192 67 157 36 61 41 126 74 181 
113 149 141 138 20 166 108 28 98 3 6 
37 85 139 2 24 127 27 143 35 87 48 11 
195 118 131 10 1 128 129 68 180 107 18 5 150 
175 45 170 141 180 128 167 181 74 181 2 145 169 157 
135 154 139 117 92 133 166 170 1 108 13 145 95 77 179 
176 198 8 46 196 151 160 99 142 162 200 170 86 0 27 71 
84 42 140 89 68 135 110 196 175 103 15 104 66 176 133 110 104 
139 83 141 38 46 133 198 200 41 10 18 177 138 55 61 180 85 101 
62 130 12 43 176 87 147 29 116 64 178 185 52 29 126 154 11 55 107 
158 23 43 40 162 48 110 138 65 40 134 171 147 61 57 143 82 34 84 152 
64 148 50 15 178 183 126 40 98 149 143 109 89 16 157 65 12 132 175 45 51 
99 197 185 75 47 187 47 182 122 32 37 57 95 141 95 153 198 79 47 102 96 129 
164 79 54 183 148 171 132 26 41 3 163 146 26 200 69 80 163 97 115 29 155 79 95 
177 11 95 69 167 36 78 81 153 171 96 132 10 152 104 168 111 78 47 91 164 71 3 182 
1 9 72 29 100 116 198 196 14 41 155 106 141 116 175 68 166 154 16 89 162 101 13 38 194 
5 158 113 189 64 37 183 153 77 151 44 189 30 98 38 132 178 69 15 17 32 97 17 124 12 127 
183 145 41 98 161 116 125 82 81 18 169 166 200 177 170 95 153 47 61 49 92 56 48 177 156 68 152 
62 134 150 15 177 5 77 194 116 0 119 88 36 172 31 147 180 194 139 109 97 16 184 33 145 169 78 22 
90 64 124 57 95 73 195 180 19 172 3 111 27 164 170 34 194 50 181 10 144 47 143 58 45 174 62 177 41 
3 109 122 77 161 161 144 158 12 38 67 161 79 97 149 139 41 107 166 175 146 152 199 1 99 138 88 140 14 166 
45 179 8 99 167 35 134 159 186 123 100 85 28 57 42 193 199 198 170 134 50 1 196 29 129 112 32 10 154 187 13 
173 161 172 58 179 142 199 89 186 150 19 165 176 168 162 76 66 105 132 190 7 77 8 142 79 51 130 91 130 78 14 26 
49 3 16 90 90 100 43 29 121 1 89 13 101 50 159 87 166 63 35 100 86 116 159 42 156 141 48 31 67 181 145 61 68 
84 182 6 197 193 179 184 13 156 50 178 71 160 121 30 25 121 23 72 9 56 35 6 189 35 87 53 193 162 35 69 126 50 28 
75 44 146 140 143 178 62 97 125 125 94 123 8 126 132 121 179 156 6 141 54 46 186 100 62 93 190 196 143 198 41 166 45 85 197 
84 188 164 7 120 144 30 2 110 170 136 49 169 22 71 23 55 161 170 164 99 170 98 164 148 150 31 0 185 71 163 30 128 24 127 184 
94 91 46 36 111 104 195 157 71 25 61 77 148 11 147 106 154 52 175 172 176 126 58 179 141 72 163 91 99 18 76 20 184 152 163 191 122 
146 47 145 13 10 177 62 157 173 194 51 87 100 169 24 19 45 75 187 43 117 180 165 150 63 102 54 186 155 164 190 162 24 143 194 77 31 62 
61 30 140 88 66 85 58 127 24 200 124 108 24 35 194 200 137 47 5 113 151 175 78 122 33 106 166 56 68 113 65 41 65 121 103 6 43 163 186 
163 8 142 66 60 175 190 130 147 69 16 83 110 183 8 49 38 134 200 114 80 151 121 131 100 86 104 170 157 194 158 128 70 83 13 15 175 46 154 164 
60 40 80 71 123 183 67 173 108 43 152 37 89 191 131 54 155 187 24 22 178 47 146 7 101 23 173 23 84 132 20 60 128 43 168 56 166 93 145 119 30 
189 4 50 131 59 101 83 96 102 38 199 83 149 142 132 124 7 184 14 42 177 101 163 150 123 105 58 80 96 162 129 56 178 163 72 76 148 145 62 72 61 194 
129 85 191 131 102 157 109 122 180 166 80 138 123 191 134 111 149 113 200 76 191 138 73 85 180 192 122 81 136 163 35 118 4 137 23 47 150 137 139 114 120 18 114 
79 110 152 190 160 48 136 113 0 151 85 145 100 121 32 90 130 99 151 86 32 124 119 6 28 64 90 142 177 200 188 55 113 171 27 62 77 128 2 49 160 35 185 170 
37 138 189 39 44 87 175 48 25 173 112 157 85 105 77 196 168 175 94 68 55 129 160 136 115 154 39 139 44 11 115 53 58 108 192 27 111 47 122 67 25 98 160 160 34 
87 71 157 112 65 141 182 179 136 178 60 102 171 49 93 36 148 159 163 146 76 165 52 14 2 189 169 76 126 150 78 172 199 68 70 30 0 184 57 190 119 80 128 157 134 155 
55 200 142 45 64 6 67 48 196 94 104 141 180 190 36 23 116 116 169 133 53 150 200 103 144 161 68 156 164 151 189 123 9 139 99 186 95 195 158 17 188 195 142 57 196 1 116 
190 2 123 155 87 189 108 181 21 148 183 173 49 5 34 113 162 149 75 96 83 3 20 93 101 37 91 197 57 139 190 33 168 198 29 87 48 89 11 74 38 147 63 33 125 187 200 55 
54 57 41 189 195 150 8 61 196 60 70 57 5 63 35 67 26 84 100 104 144 139 62 55 186 16 131 151 138 181 61 55 96 198 146 164 20 23 163 176 200 195 140 175 8 124 173 80 88 
197 136 173 71 62 63 198 186 49 152 83 23 95 126 16 122 79 167 171 108 80 128 8 19 155 145 143 111 62 197 146 193 4 85 96 184 109 165 78 101 79 199 105 83 101 52 188 184 148 120 
105 190 73 98 152 192 126 42 10 171 53 30 88 184 65 38 74 148 65 97 72 195 73 175 115 18 45 176 22 68 140 127 11 15 122 93 67 186 119 112 47 109 152 186 133 196 104 89 164 96 151 
50 26 32 99 28 46 158 84 189 120 11 161 187 164 161 199 99 164 50 61 0 103 39 23 102 190 102 149 152 106 137 120 95 115 81 4 127 126 122 22 140 54 0 32 48 161 37 198 5 106 22 166 
101 173 129 61 137 80 126 6 39 123 67 44 141 115 41 1 66 137 104 53 85 185 40 175 97 193 3 41 133 77 53 197 190 84 142 68 92 186 117 131 165 153 198 185 87 142 130 192 115 155 118 151 121 
147 123 165 134 83 77 22 126 115 124 54 178 187 92 132 133 194 119 152 169 159 176 85 47 118 114 63 71 159 125 134 67 186 104 19 70 132 197 167 33 148 92 144 17 47 192 149 85 37 109 92 68 103 134 
86 79 99 113 41 1 183 117 40 130 118 58 114 65 117 85 140 57 17 6 82 21 57 101 113 182 56 26 164 101 144 17 151 162 40 173 129 166 152 95 193 191 68 66 31 111 62 140 122 80 21 159 68 59 84 
53 116 48 55 40 87 171 177 167 31 64 104 107 26 21 11 65 87 101 33 96 20 197 113 29 48 15 58 120 70 79 173 92 151 173 53 1 22 48 95 101 4 166 101 10 67 176 66 63 170 170 155 51 63 45 185 
7 92 145 127 84 68 45 72 87 14 137 156 5 68 22 160 62 119 170 73 128 130 0 7 46 103 117 126 130 41 142 87 140 111 146 64 87 154 41 149 30 184 91 171 75 114 151 191 132 166 111 135 200 103 32 36 141 
120 131 184 77 167 134 71 50 153 89 114 116 185 126 113 161 13 119 54 190 153 150 192 64 127 91 155 179 15 138 166 91 58 172 159 33 59 27 39 180 38 131 177 140 190 165 115 26 73 77 18 1 62 60 45 12 191 155 
150 147 167 73 100 8 53 153 43 71 130 131 61 7 156 109 123 89 48 31 67 69 74 124 62 19 147 34 85 165 164 199 191 136 77 198 142 53 164 102 182 95 177 173 161 89 199 12 91 12 181 69 48 25 31 9 32 153 152 
19 170 8 168 16 78 128 84 149 141 52 92 43 146 123 0 160 141 22 37 62 189 83 64 27 4 181 60 24 2 190 55 122 158 86 173 118 30 135 141 111 24 84 196 63 30 43 150 1 164 1 131 77 186 90 162 66 39 78 89 
182 11 16 101 20 127 182 2 60 189 177 107 164 152 97 88 146 78 42 95 175 102 169 110 132 21 196 172 16 150 185 150 27 70 47 198 52 137 168 146 169 58 152 14 141 156 18 173 170 23 107 160 178 40 25 101 183 110 158 148 180 
176 106 168 49 114 12 147 46 127 185 33 18 107 36 16 83 114 179 76 70 101 174 96 23 4 111 8 6 26 157 87 167 117 176 187 1 129 41 116 156 129 86 26 195 169 169 166 33 46 127 57 194 181 108 155 17 6 191 45 63 142 111 
142 3 179 42 188 83 106 158 91 69 69 161 130 180 191 42 102 41 180 75 107 128 94 117 52 11 156 68 57 169 15 85 126 131 25 141 191 83 49 78 60 88 11 119 58 130 14 186 6 146 127 54 130 75 192 30 148 19 34 187 147 129 146 
32 44 81 135 161 80 155 176 39 112 54 35 143 108 177 27 158 34 180 79 125 18 28 39 0 167 112 104 169 185 87 113 57 178 65 194 179 123 136 186 162 155 24 128 23 104 128 159 35 152 54 122 92 190 73 123 46 28 8 200 117 21 86 176 
171 83 33 144 188 179 153 173 170 26 133 75 13 117 37 194 176 14 185 108 105 151 67 147 132 187 28 152 54 101 51 182 57 70 146 124 40 8 18 128 198 62 27 177 77 53 32 48 125 190 172 44 189 156 161 93 125 7 196 25 123 37 61 40 22 
147 6 110 121 33 34 41 82 50 27 174 177 173 7 198 44 27 114 74 198 117 105 37 49 194 41 14 12 195 120 98 157 75 147 32 90 69 183 66 52 136 188 113 12 135 156 66 124 156 169 65 147 147 80 126 90 144 61 98 97 101 114 119 144 124 101 
115 139 53 189 80 10 192 162 174 178 8 198 148 185 31 46 128 109 182 195 119 75 17 99 44 8 198 1 16 147 32 191 58 101 143 95 56 102 146 118 98 138 22 154 4 191 21 179 116 171 192 132 159 122 192 111 158 60 55 7 61 26 115 114 27 66 165 
130 181 199 135 32 137 168 178 91 39 145 13 183 5 191 13 1 100 169 62 106 93 83 168 31 137 24 92 61 72 93 2 16 65 132 75 32 154 188 104 108 118 99 180 93 197 78 66 67 182 103 171 160 33 188 106 167 142 48 25 5 23 191 23 60 82 9 82 
137 114 134 184 8 196 154 145 123 25 188 131 86 175 47 152 62 158 171 10 194 142 8 113 125 160 2 171 154 0 36 180 59 101 128 42 37 35 132 31 113 114 138 144 101 85 163 47 146 113 162 156 68 20 188 174 158 22 136 155 10 144 135 18 96 28 187 86 69 
22 65 155 108 28 173 93 61 60 4 4 23 138 61 195 166 107 0 96 124 23 166 199 180 82 124 85 108 99 179 134 82 90 80 192 9 178 125 49 47 155 38 14 89 123 93 54 104 198 10 47 44 105 119 97 85 195 119 91 18 59 103 32 66 145 107 153 84 154 9 
199 60 162 38 169 160 80 143 189 194 7 8 162 50 148 185 59 182 4 96 102 122 68 65 13 8 181 120 3 185 133 131 114 51 185 82 18 33 199 70 77 15 130 108 15 195 27 14 175 35 61 70 164 65 97 142 150 99 83 163 20 165 133 15 91 28 11 15 98 108 130 
160 126 98 159 156 34 98 41 150 69 187 181 106 110 161 48 81 67 124 9 167 192 107 59 73 104 72 123 128 157 174 186 73 102 26 16 160 27 62 38 102 73 188 45 156 79 81 50 98 20 59 65 22 162 81 197 149 119 117 136 17 42 117 188 25 167 163 105 143 67 161 144 
75 156 196 88 103 128 183 95 5 15 189 13 89 75 120 54 47 73 122 167 77 11 140 45 119 94 162 103 73 144 155 17 136 63 103 1 19 34 54 96 145 122 139 78 200 160 13 85 39 190 126 29 5 151 190 190 69 35 81 194 6 168 185 78 120 123 76 105 61 56 37 160 158 
142 68 138 121 20 160 193 10 9 15 163 155 142 127 19 18 14 56 52 62 115 62 54 44 147 68 1 200 47 131 38 191 98 15 40 142 167 60 105 42 200 151 147 179 137 44 121 12 13 101 171 142 75 193 168 22 118 128 104 0 93 131 122 75 9 30 147 79 36 78 185 63 186 100 
79 15 29 26 62 71 127 153 82 56 72 184 175 92 167 73 25 5 130 35 45 11 18 105 26 61 173 124 51 146 98 54 117 74 139 128 91 125 41 107 99 102 92 110 30 193 99 161 128 125 65 125 41 190 16 89 87 114 41 85 66 33 177 85 189 191 21 0 140 35 186 13 66 59 35 
142 100 50 31 148 167 126 97 125 177 87 126 42 74 102 75 62 173 155 15 124 106 4 197 79 12 161 82 101 17 128 68 25 8 62 171 40 135 88 153 121 162 169 147 131 114 156 34 116 99 22 60 113 3 134 75 190 87 70 101 21 90 61 122 133 93 40 25 158 21 161 175 76 162 44 147 
94 98 131 35 187 152 81 121 139 104 62 17 75 26 23 128 139 28 98 145 60 84 142 176 175 74 9 64 9 139 105 121 60 35 78 66 131 137 112 48 140 71 194 27 149 113 24 165 29 113 196 170 161 107 200 40 74 61 108 178 125 8 78 115 92 33 12 3 11 73 46 101 85 64 56 50 160 
108 78 170 21 121 69 188 174 19 172 194 83 67 87 192 120 111 7 200 122 63 125 189 1 74 153 31 0 154 68 175 160 179 101 50 107 74 80 135 131 169 120 70 167 111 61 39 32 58 142 149 150 32 25 88 117 81 124 18 149 17 129 138 51 68 146 133 185 77 76 200 82 33 127 176 56 20 36 
44 123 50 57 90 98 46 131 175 194 143 155 29 122 94 114 18 90 21 194 180 166 186 155 128 162 16 70 94 51 28 83 3 162 12 63 34 148 23 75 38 43 97 48 17 110 30 163 178 156 46 124 20 40 85 71 7 80 179 85 150 54 48 116 7 76 148 56 88 158 41 125 84 184 94 107 182 70 46 
0 199 2 147 29 151 197 159 78 185 103 40 76 44 70 93 126 130 18 91 33 0 150 149 93 118 59 125 189 14 49 193 81 23 150 9 150 130 99 171 8 183 101 30 130 181 133 128 145 190 65 57 71 82 192 148 113 112 94 64 34 50 3 179 23 87 155 23 157 26 181 108 117 0 73 155 61 53 143 49 
112 67 138 123 197 119 6 170 42 168 122 17 180 184 116 79 141 98 102 198 182 172 157 157 43 142 3 10 30 114 61 34 126 37 123 122 43 43 112 139 194 58 35 49 189 188 154 159 56 73 66 6 134 200 13 147 131 30 14 64 74 71 39 166 144 175 141 164 50 0 38 167 10 177 197 65 149 19 4 125 59 
161 110 187 109 136 123 188 84 75 14 106 146 160 49 49 183 180 61 32 37 55 43 103 162 70 122 82 139 37 130 106 88 42 144 59 169 195 198 8 200 41 1 107 19 155 85 176 198 144 115 116 114 39 193 164 62 196 139 141 9 90 119 128 13 184 104 34 186 159 73 85 138 10 188 8 162 128 43 7 37 1 13 
144 186 160 0 134 66 78 183 69 177 98 160 92 40 134 45 153 190 86 82 189 134 144 13 175 13 178 60 153 153 181 116 59 142 132 77 58 164 177 178 116 39 80 33 51 142 159 199 95 77 56 49 68 95 186 88 49 192 198 80 172 83 92 194 174 158 52 51 21 118 17 156 150 199 186 67 190 12 40 112 10 41 199 
82 47 91 1 54 74 73 3 159 110 125 168 53 173 159 139 8 19 40 35 116 120 3 126 197 162 31 186 114 95 106 96 30 45 54 124 114 102 7 34 101 30 52 108 114 27 81 31 124 91 7 157 126 130 131 66 16 163 164 85 48 127 3 22 88 189 191 8 150 167 182 100 55 63 94 123 50 32 182 123 48 183 16 198 
48 21 25 157 95 168 194 40 113 91 4 159 82 60 50 28 119 101 39 12 46 93 78 99 16 38 182 49 189 18 109 182 146 135 65 177 125 92 19 141 173 15 71 179 113 63 185 58 58 56 7 176 71 171 39 57 67 107 61 64 109 195 33 185 165 97 109 137 73 95 95 186 4 110 95 66 74 123 188 53 50 66 106 96 50 
170 175 118 160 117 34 54 25 3 102 69 127 183 75 59 179 137 103 22 197 170 21 140 131 90 46 32 12 54 147 8 176 180 30 59 29 14 174 16 0 138 171 11 83 76 167 141 86 173 112 52 121 130 178 55 188 69 45 179 87 122 145 132 14 93 161 46 43 98 6 142 92 176 125 168 70 181 24 187 69 190 141 84 168 183 161 
90 124 126 146 168 32 59 160 185 36 118 190 58 84 7 159 15 10 123 37 133 78 85 61 0 3 136 74 70 25 188 176 107 103 100 47 115 10 193 43 26 77 141 46 181 39 129 31 157 76 88 19 195 83 91 177 48 31 143 148 29 48 20 196 107 73 5 130 110 21 186 184 71 1 124 80 79 17 163 25 8 149 36 193 98 52 104 
12 135 67 64 175 34 56 136 65 22 32 131 138 134 126 16 72 125 139 165 39 140 57 105 185 55 19 7 63 39 51 194 46 57 145 181 157 138 97 144 153 23 160 182 92 98 142 57 158 59 74 104 43 80 108 1 82 85 152 22 123 139 35 82 106 129 37 147 40 77 35 191 183 48 159 193 127 92 56 187 61 129 53 146 157 160 154 139 
44 127 152 44 181 168 139 79 78 123 39 71 48 94 103 40 144 48 123 2 8 39 92 107 62 10 98 85 94 82 150 88 119 77 164 150 153 171 105 157 177 135 1 138 85 64 168 101 87 133 38 46 79 47 49 171 187 177 153 73 92 147 195 175 47 65 185 174 115 132 164 89 103 81 117 72 113 161 116 163 145 105 137 188 184 121 35 73 171 
20 106 30 174 98 189 68 195 186 119 104 100 119 53 167 64 62 44 64 85 181 145 94 3 147 152 17 102 75 196 90 168 141 144 77 48 23 62 132 160 122 38 30 6 100 72 52 95 112 7 54 41 27 75 200 143 164 14 195 18 169 60 188 4 119 56 108 43 125 94 53 64 197 19 33 143 151 184 13 135 160 119 7 159 57 130 78 199 139 107 
103 149 156 165 25 87 147 191 72 52 11 50 127 41 37 0 16 125 54 11 24 25 197 132 154 118 68 155 74 187 200 36 27 188 153 90 30 18 164 150 18 163 45 136 3 102 162 132 104 118 67 162 34 57 20 84 136 174 173 52 116 37 186 35 34 110 15 179 117 128 80 78 45 76 125 86 63 84 148 136 13 149 33 8 156 41 82 192 182 171 3 
90 40 33 126 38 41 172 97 148 114 2 187 182 141 186 150 34 184 142 81 184 162 156 128 59 155 82 177 86 179 85 123 126 14 74 125 119 101 16 39 22 89 126 99 132 85 178 148 73 140 54 164 101 63 46 121 200 73 131 149 168 65 66 14 166 144 163 72 50 112 96 182 189 107 198 91 96 149 181 183 141 194 52 104 157 104 0 47 127 108 59 101 
147 198 139 177 105 165 69 60 188 126 72 144 47 1 109 158 190 160 17 38 159 13 163 94 177 172 133 148 153 103 186 117 156 31 4 42 14 76 114 189 24 106 60 190 5 174 141 53 137 97 73 109 140 44 138 142 56 168 151 80 9 47 37 94 132 31 187 149 198 108 109 133 34 0 141 97 72 144 125 128 84 37 188 23 90 85 66 191 104 178 46 171 134 
37 85 34 36 15 23 10 105 144 158 144 193 198 185 74 170 186 118 20 99 181 72 163 97 5 10 183 57 3 71 160 112 84 162 76 129 125 110 92 105 135 63 66 47 113 17 95 16 184 150 126 170 170 86 70 66 14 58 115 79 40 87 80 102 157 39 103 146 6 79 4 109 140 196 158 24 159 171 15 175 195 98 200 145 100 180 147 120 65 46 16 165 24 200 
97 114 55 169 73 48 40 126 32 194 153 168 180 15 199 9 162 105 79 14 170 113 74 57 57 82 110 101 46 69 78 110 31 173 48 146 177 99 179 159 196 163 64 150 101 48 64 25 48 56 90 52 52 61 12 55 88 132 70 144 81 73 8 55 119 67 58 86 131 5 160 179 155 70 74 5 7 6 155 182 101 18 56 1 31 187 160 124 59 141 36 189 128 52 120 
80 20 135 144 191 88 143 174 38 95 33 105 191 2 63 153 99 42 117 162 58 39 152 14 11 130 53 58 91 122 30 143 0 73 128 52 52 0 122 167 64 124 158 7 174 181 200 89 168 167 148 154 197 108 8 171 96 115 84 107 3 179 81 22 194 186 144 172 9 7 139 139 32 155 141 77 35 31 138 108 19 116 49 152 127 74 19 24 105 1 56 155 115 11 73 165 
95 94 68 148 115 114 96 65 20 39 173 36 172 160 125 77 200 106 77 26 20 72 191 66 116 29 45 142 87 28 28 139 102 109 12 30 75 13 38 177 65 27 1 165 185 117 164 39 89 119 82 29 77 177 130 19 184 30 155 101 154 22 86 16 143 24 2 128 51 6 27 190 123 125 64 137 66 112 128 105 60 24 185 153 114 176 34 79 40 129 152 41 131 107 109 49 159 
182 24 48 121 37 8 96 96 47 123 102 13 58 118 121 109 175 167 60 121 44 69 47 150 95 188 189 19 187 16 12 186 68 23 184 23 129 135 24 26 146 41 50 62 191 76 27 139 6 3 109 46 66 44 76 24 30 59 64 171 164 47 180 140 173 166 187 170 50 127 42 1 192 72 7 163 49 44 120 31 190 146 68 181 20 198 79 132 143 65 28 86 16 131 91 102 27 4 
170 10 118 15 38 99 43 22 27 122 3 7 118 112 54 25 26 87 173 62 18 180 170 15 181 53 149 93 189 156 10 109 149 6 165 70 7 91 43 44 46 81 11 191 190 140 5 140 50 141 85 80 194 173 66 48 170 97 5 32 172 119 191 141 148 4 100 88 60 62 178 188 97 63 94 181 180 83 42 133 101 138 65 96 98 36 66 158 29 88 187 175 1 118 49 130 13 16 147 
198 5 106 68 110 163 61 129 183 93 81 184 158 175 133 15 176 41 132 179 90 190 25 135 142 37 155 70 58 179 60 71 199 174 86 153 172 11 40 165 38 10 135 190 145 5 119 120 28 120 29 12 127 14 141 33 129 58 28 135 171 20 9 48 11 196 111 125 144 168 56 82 200 46 4 195 175 114 138 121 27 38 69 12 139 96 124 160 126 178 96 123 118 13 194 122 195 99 97 144 
105 165 136 143 52 91 177 17 45 165 38 139 173 128 135 53 30 37 58 132 92 9 137 41 117 6 26 187 167 180 134 91 13 91 72 136 64 32 3 44 74 93 117 65 172 153 26 2 42 53 177 71 70 129 96 183 52 3 161 106 130 158 58 34 113 126 73 56 14 36 122 91 123 187 92 124 110 158 126 105 184 191 169 41 2 67 113 32 54 75 33 70 2 72 11 166 78 45 48 136 58 
192 106 0 172 92 190 173 177 104 22 143 141 113 34 166 152 53 57 79 17 55 130 18 106 28 40 166 117 176 124 87 6 153 189 3 169 59 41 14 124 93 31 159 131 118 57 78 69 42 107 183 41 164 181 62 66 189 134 16 163 90 139 48 80 172 18 0 1 157 145 21 42 21 33 129 29 102 102 157 66 193 127 184 159 14 19 14 32 111 20 145 141 77 186 15 175 117 62 3 123 152 13 
92 198 166 48 36 89 12 21 48 105 165 25 164 175 62 112 183 127 1 159 177 195 0 133 63 175 118 164 195 101 177 79 120 84 3 173 57 31 151 23 196 133 100 106 157 100 19 33 36 151 91 68 132 165 52 112 67 141 8 113 19 33 125 89 103 114 153 178 170 191 172 43 19 197 126 111 139 65 35 119 15 166 52 22 164 128 51 193 112 157 67 64 51 16 138 192 187 168 92 42 51 135 182 
75 55 12 134 112 134 162 96 146 71 12 11 6 143 78 149 45 47 143 46 35 155 25 98 192 132 172 174 135 47 74 110 105 105 80 67 63 48 175 71 66 32 128 136 139 173 16 104 111 174 19 78 105 132 11 15 97 139 164 114 115 103 147 122 129 10 99 34 55 131 109 132 197 0 92 80 83 105 166 29 176 158 84 7 43 90 142 13 177 164 106 177 8 17 32 103 7 107 31 35 186 178 142 52 
160 107 198 104 144 22 156 23 11 52 78 156 87 181 17 131 69 95 102 162 103 36 25 18 148 79 167 59 95 177 93 39 56 20 192 34 141 30 165 188 9 24 171 31 118 192 0 167 85 68 72 150 47 136 44 109 79 73 165 86 179 180 139 147 102 184 78 9 117 98 30 172 124 113 2 20 163 191 146 177 164 151 25 44 176 22 116 80 181 41 133 152 139 99 5 13 86 135 15 133 9 6 98 143 107 
143 7 190 57 140 109 52 3 173 178 140 53 110 159 76 70 13 35 78 37 136 164 33 14 106 145 146 118 200 24 200 199 117 9 34 141 187 79 119 194 38 195 166 93 186 104 92 74 198 81 140 12 157 19 150 169 75 151 24 75 62 51 100 193 114 157 162 135 0 88 100 49 79 105 65 158 42 19 33 48 2 101 131 100 162 141 33 6 185 191 5 149 149 96 95 55 175 139 24 129 66 60 10 119 94 140 
177 87 152 70 72 57 51 174 14 162 51 197 97 55 54 89 22 102 67 94 98 1 86 164 155 60 144 120 176 89 152 2 179 17 7 139 66 88 34 106 124 92 178 125 185 3 195 51 84 128 16 28 31 21 170 127 107 161 27 165 170 148 94 106 196 8 1 36 64 122 151 159 171 21 61 6 155 184 40 110 76 154 138 172 25 133 92 120 32 185 86 116 121 69 63 30 130 149 172 12 194 168 192 94 129 136 48 
59 166 104 60 159 33 131 30 164 147 108 70 84 105 172 145 106 7 48 9 161 100 52 57 19 179 7 12 148 146 156 165 161 105 19 6 200 108 140 111 7 127 65 83 10 116 192 40 131 191 126 125 102 84 104 164 78 113 162 33 160 0 161 65 84 142 63 102 151 176 167 23 137 196 65 7 75 47 16 6 123 86 66 191 123 141 132 27 101 32 142 98 154 194 199 161 160 126 88 156 89 54 88 179 55 136 179 34 
160 4 6 190 192 134 54 141 2 59 1 171 115 150 131 181 90 113 69 169 35 64 80 151 164 200 188 48 186 196 200 81 108 167 108 57 16 186 152 176 160 80 6 49 200 1 12 157 149 157 198 32 124 115 11 93 64 132 17 182 190 89 198 89 24 194 171 145 197 116 104 88 160 192 53 190 140 186 82 193 57 191 156 6 158 48 109 151 21 173 8 76 179 1 165 105 183 27 24 131 90 93 121 151 61 94 172 146 145 
186 59 128 49 111 62 29 191 35 55 71 126 89 129 34 195 173 31 78 34 193 172 15 147 175 138 20 131 183 134 185 23 5 22 89 104 29 109 192 169 142 22 187 96 129 189 119 137 110 143 151 87 7 16 141 70 134 86 81 92 188 171 23 0 198 191 175 155 19 184 172 174 25 52 109 165 177 83 11 17 191 50 31 24 132 25 145 100 32 151 154 163 3 16 163 102 22 45 47 138 132 38 82 185 37 195 58 120 8 70 
143 152 88 83 139 14 156 134 127 200 112 21 172 80 8 155 54 69 89 105 90 97 102 21 137 6 146 24 118 166 175 9 41 176 6 45 39 187 18 42 21 155 70 130 130 148 134 35 112 19 143 137 4 59 57 31 116 199 45 96 138 161 51 17 46 196 29 63 162 153 40 137 55 184 143 43 113 176 109 114 95 84 110 95 93 147 48 130 77 160 126 62 8 9 86 194 49 41 15 34 66 197 142 191 173 147 121 56 143 71 199 
193 16 68 85 100 188 2 161 112 197 75 51 79 129 199 134 119 93 185 28 73 37 8 128 149 69 47 56 81 142 158 82 48 80 20 161 71 23 115 198 48 197 179 54 155 173 10 132 26 26 114 29 32 57 170 165 163 95 98 104 0 78 40 15 43 97 49 131 35 149 96 102 169 0 8 2 34 14 163 124 101 32 82 26 97 71 79 39 28 181 143 40 121 103 54 62 195 5 5 198 136 131 30 76 183 36 38 14 80 124 182 9 
94 56 56 4 65 51 195 59 193 95 51 50 54 156 200 122 16 97 60 14 27 132 174 45 193 30 100 182 138 20 25 55 175 34 144 143 171 135 98 152 181 160 24 88 24 56 129 76 125 105 68 107 168 78 118 25 38 79 26 179 4 55 144 182 12 79 110 119 110 20 159 128 163 134 136 91 46 49 90 187 168 85 127 55 8 134 114 106 31 133 24 193 172 49 25 179 38 168 68 64 31 118 56 92 141 7 86 89 65 116 134 161 133 
76 9 114 144 171 83 147 139 3 95 53 18 88 8 184 1 186 78 175 113 145 162 111 115 165 131 198 154 5 80 150 138 185 98 18 138 115 197 139 92 186 48 108 75 173 51 10 50 144 88 56 156 55 99 150 175 165 37 105 187 120 42 63 160 199 75 101 85 57 35 114 125 138 107 111 125 76 174 58 20 17 127 41 138 176 50 139 25 72 86 99 16 14 99 151 174 104 121 36 116 121 70 51 192 96 129 85 9 39 194 146 62 80 138 
182 135 85 75 41 72 101 56 137 10 90 142 152 188 79 106 185 83 32 38 166 47 13 33 155 62 159 19 55 36 93 149 57 88 182 7 112 126 107 151 104 172 148 171 122 48 21 167 126 155 66 22 149 128 178 23 172 179 140 68 122 145 113 21 10 1 192 193 116 194 36 164 98 41 7 159 82 143 185 140 125 20 83 184 78 145 91 116 128 144 168 127 26 35 134 97 59 104 76 82 50 170 31 135 34 80 36 45 37 62 46 101 119 155 126 
180 185 88 41 45 56 44 169 113 36 94 30 156 5 137 152 12 112 186 112 123 102 50 3 111 63 48 22 55 112 108 52 65 41 117 112 3 151 86 62 60 123 77 166 198 101 197 135 189 54 85 40 81 195 96 13 24 86 11 14 31 85 176 77 120 68 68 167 169 145 129 130 122 81 147 106 53 21 81 161 37 110 182 67 131 110 70 200 71 98 175 101 143 195 18 110 133 182 113 129 143 184 28 119 200 6 139 56 96 10 21 67 59 193 61 144 
55 42 120 22 33 53 43 83 112 45 112 147 111 17 139 81 78 135 154 156 68 52 156 128 125 31 85 179 194 17 27 111 32 100 61 141 109 144 192 21 7 134 7 130 155 150 108 57 170 171 173 139 39 49 41 23 102 27 114 168 143 181 184 170 92 115 37 3 116 145 174 118 38 192 142 189 163 27 179 127 82 28 113 140 65 88 42 157 194 162 95 32 95 41 156 94 134 153 88 105 39 150 181 81 110 126 143 91 197 19 58 176 199 5 134 15 34 
196 33 99 53 141 151 163 118 43 112 3 165 82 167 179 17 94 169 73 3 190 37 105 3 62 138 154 101 111 145 151 120 76 88 39 167 144 177 171 56 24 196 130 129 0 104 61 125 113 106 117 128 182 36 131 26 184 86 152 33 41 80 89 153 107 96 27 78 91 46 157 170 193 173 125 90 165 3 39 169 145 190 176 56 148 104 110 123 93 117 134 59 184 37 188 18 97 168 105 185 157 145 154 40 64 76 42 128 124 178 44 9 120 20 41 141 101 55 
119 154 161 66 148 79 65 184 44 107 133 163 180 113 146 138 186 141 109 197 60 110 198 149 20 158 164 154 136 8 174 140 12 40 92 66 36 113 44 70 130 198 174 154 51 161 140 133 101 130 88 99 81 146 177 11 1 44 141 166 136 198 174 72 138 24 191 105 94 67 73 71 195 191 16 49 68 17 140 89 8 88 148 63 98 11 102 168 98 159 110 14 113 87 121 67 105 11 58 198 180 132 19 4 26 43 177 177 72 166 151 24 59 41 57 192 138 42 79 
150 186 41 28 94 38 3 116 45 121 105 37 125 175 187 161 19 93 82 170 183 115 121 82 124 3 178 85 32 87 6 47 48 52 13 21 48 168 89 8 78 125 187 176 45 43 51 68 161 38 124 99 108 143 173 94 198 38 60 152 29 59 57 161 26 57 10 65 114 182 78 67 182 53 101 133 171 89 122 97 100 59 159 38 23 19 151 82 45 166 161 171 51 154 93 9 32 113 63 197 166 99 34 80 57 113 141 15 137 136 9 194 6 33 146 103 31 2 6 131 
152 182 81 140 20 124 192 43 78 79 172 27 183 7 34 33 154 75 104 173 93 51 158 58 80 163 179 134 103 118 177 109 108 120 95 38 60 154 105 1 13 59 73 40 35 126 129 44 192 51 110 66 7 0 121 196 57 12 147 20 172 159 102 126 56 107 23 158 20 174 72 33 38 29 57 142 51 54 127 33 181 44 178 144 136 170 136 33 12 65 90 0 191 111 25 83 144 48 55 154 104 35 135 167 78 97 66 5 76 69 46 193 129 160 184 173 141 164 190 95 53 
133 110 82 152 182 95 191 77 28 190 88 128 81 150 124 137 159 82 38 112 178 23 146 130 35 68 96 84 141 104 107 46 200 109 59 197 10 118 177 51 124 127 81 115 53 76 73 89 4 131 197 26 180 153 92 96 182 101 120 194 62 87 76 48 20 154 8 178 146 162 43 108 130 194 92 174 30 183 108 53 27 100 145 88 101 38 198 200 27 3 145 50 184 179 122 83 144 171 189 65 90 197 69 48 127 119 95 118 14 168 196 62 45 91 83 60 57 72 123 70 82 98 
71 3 50 57 51 184 154 165 170 122 61 68 24 62 137 92 168 164 10 190 90 121 18 132 77 181 147 146 68 47 0 11 169 53 136 24 11 63 133 197 77 181 5 159 22 135 156 139 28 177 10 40 61 172 164 40 106 23 167 144 146 92 13 123 60 171 113 160 12 45 177 81 85 178 106 151 183 37 48 107 87 82 195 150 140 104 30 51 153 170 200 98 195 1 98 99 116 172 178 30 54 186 21 168 43 188 70 122 172 135 200 145 53 4 95 190 17 149 166 114 176 193 73 
49 29 110 49 121 102 39 169 56 164 115 92 189 67 57 169 155 62 29 35 101 123 20 157 51 46 103 17 194 138 166 94 46 86 83 27 68 58 175 155 28 54 17 73 140 93 89 13 187 72 31 41 53 85 36 162 185 178 111 166 153 10 135 165 159 134 196 105 90 151 153 93 87 158 116 171 176 117 91 16 62 52 65 108 45 36 167 80 2 139 189 66 121 78 84 148 171 103 121 166 94 173 103 24 99 44 65 60 67 42 100 109 66 33 93 45 62 43 102 80 6 171 73 115 
144 8 196 187 154 23 121 118 58 22 132 181 117 131 45 160 140 140 107 14 180 114 92 116 6 66 7 132 66 178 70 197 93 31 61 194 164 110 17 120 9 193 31 176 133 78 16 84 27 41 67 67 47 64 11 96 110 69 189 145 20 181 143 155 159 28 53 192 136 59 152 15 151 76 25 136 199 73 128 124 95 173 80 119 17 147 23 64 15 20 5 196 35 130 130 33 42 43 83 195 168 194 124 113 167 54 179 21 152 35 1 171 29 79 102 102 7 75 161 51 175 156 103 79 62 
80 181 82 147 117 172 164 183 10 199 146 114 86 160 114 66 66 168 7 23 171 149 23 104 3 106 186 115 152 72 151 189 194 93 109 50 143 56 34 43 121 53 9 146 97 3 96 123 78 20 191 159 180 181 31 44 118 69 144 112 155 136 11 109 63 88 179 128 166 55 109 74 46 48 71 153 67 106 142 48 49 189 126 141 128 150 198 108 75 36 74 40 109 15 123 97 112 104 186 142 15 75 73 42 72 51 199 171 120 42 168 186 39 8 44 60 17 165 145 97 99 142 133 12 128 93 
94 183 7 21 68 199 182 16 30 90 140 148 18 135 12 28 190 31 144 115 190 46 186 134 44 142 87 4 114 53 96 192 170 132 102 24 67 22 151 181 190 162 194 8 52 58 15 61 101 117 65 29 147 99 172 110 117 8 190 115 142 39 78 35 49 130 164 183 32 98 73 48 180 126 196 11 26 93 4 29 133 120 44 81 148 46 122 109 39 39 98 122 7 126 40 177 93 63 13 75 160 40 55 92 167 137 194 19 8 133 40 10 56 73 25 155 74 181 83 164 47 148 14 24 73 87 34 