18
34 
140 127 
2 138 101 
172 196 82 182 
197 24 121 89 136 
12 153 154 51 166 5 
87 193 46 8 84 85 72 
69 160 50 109 35 193 144 56 
145 164 32 154 78 35 79 184 61 
198 65 3 173 88 106 177 165 87 67 
170 1 50 6 23 133 77 191 133 108 49 
174 164 123 195 36 149 48 184 180 188 197 104 
122 92 55 51 0 5 86 97 150 196 114 12 131 
169 156 163 123 51 113 94 25 176 163 168 191 18 167 
96 25 53 41 86 31 67 132 23 73 182 24 113 136 33 
13 164 60 160 42 110 85 182 153 142 144 161 153 130 22 161 
69 63 93 29 39 156 67 182 0 103 37 190 8 127 183 51 40 